Missing packets: [] total_missing_nums: 0
Missing packets: [] total_missing_nums: 0
Missing packets: [12, 128, 139, 385, 568, 608, 624, 662, 668, 673, 743, 747, 751, 791, 792, 793, 798, 853, 854, 857, 859, 867, 882, 959, 998, 999] total_missing_nums: 26
Missing packets: [2, 4, 5, 7, 11, 12, 13, 15, 16, 19, 21, 26, 30, 32, 33, 35, 36, 37, 38, 39, 40, 41, 42, 43, 45, 46, 47, 48, 49, 50, 51, 52, 53, 54, 55, 56, 57, 58, 59, 61, 62, 64, 65, 66, 67, 68, 69, 70, 71, 72, 74, 75, 76, 77, 78, 87, 88, 89, 90, 110, 147, 148, 149, 150, 154, 155, 180, 189, 190, 191, 192, 193, 194, 196, 198, 199, 200, 202, 207, 209, 215, 216, 223, 224, 233, 241, 257, 266, 272, 274, 281, 288, 290, 323, 324, 378, 415, 423, 424, 427, 428, 432, 439, 458, 460, 461, 462, 473, 509, 512, 826, 830, 841, 863, 936, 937] total_missing_nums: 116
Missing packets: [21, 104, 128, 314, 329, 337, 340, 341, 375, 376, 378, 401, 452, 455, 456, 460, 469, 472, 613, 617, 621, 623, 796, 802, 807, 816, 817, 842, 856, 857, 883, 884, 886, 887, 892, 894, 915, 925, 927, 931, 934, 936, 937, 938, 940, 943, 944, 946, 950, 951, 953, 955, 957, 958, 960, 961, 962, 963, 968, 970, 971, 973, 974, 976, 978, 984, 985, 986, 988, 989, 990, 991, 993, 999] total_missing_nums: 74
Missing packets: [7, 8, 9, 11, 12, 861, 870, 872] total_missing_nums: 8
Missing packets: [1, 2, 3, 4, 6, 8, 9, 10, 14, 47, 100, 159, 182, 193, 198, 228, 265, 287, 293, 297, 453, 482, 489, 650, 654, 713, 785, 900, 901, 933, 949] total_missing_nums: 31

--------------------------------------------------------------------------------------------------

(700)
Missing packets: [1, 4, 5, 11, 13, 14, 15, 18, 19, 24, 41, 94, 285, 784] total_missing_nums: 14
Missing packets: [4, 14, 27, 34, 36, 37, 50, 54, 56, 59, 70, 71, 77, 78, 83, 132, 184, 186, 199, 205, 255, 277, 282, 286, 296, 867] total_missing_nums: 26
Missing packets: [508] total_missing_nums: 1
Missing packets: [505, 506, 617] total_missing_nums: 3
Missing packets: [183] total_missing_nums: 1
Missing packets: [566] total_missing_nums: 1


----------------------------------------------------------------------------------------------------


Missing packets: [0, 2, 4, 5, 6, 7, 9, 12, 21, 27, 29, 37, 53, 57, 66, 68, 69, 70, 76, 77, 82, 83, 84, 85, 86, 89, 91, 92, 99, 100, 102, 103, 104, 105, 106, 107, 108, 109, 110, 111, 112, 113, 114, 115, 120, 121, 122, 123, 125, 126, 127, 129, 131, 132, 133, 134, 135, 136, 137, 138, 139, 140, 141, 142, 143, 144, 145, 146, 147, 148, 149, 150, 151, 152, 153, 154, 155, 156, 157, 158, 159, 160, 161, 162, 164, 165, 167, 168, 169, 170, 172, 173, 174, 175, 176, 177, 179, 180, 181, 182, 183, 184, 185, 186, 187, 188, 191, 192, 193, 195, 196, 197, 198, 199, 200, 201, 202, 203, 206, 207, 208, 209, 210, 213, 214, 215, 216, 217, 218, 220, 228, 230, 231, 232, 237, 239, 245, 254, 255, 256, 257, 258, 262, 263, 264, 268, 269, 270, 271, 277, 279, 284, 288, 290, 292, 295, 296, 301, 303, 305, 309, 310, 319, 332, 334, 339, 343, 355, 360, 362, 363, 371, 382, 387, 390, 396, 399, 401, 408, 409, 410, 411, 412, 416, 418, 419, 425, 426, 429, 430, 433, 436, 442, 445, 455, 456, 457, 458, 466, 478, 480, 486, 487, 496, 499, 501, 502, 505, 507, 508, 512, 514, 515, 523, 529, 531, 532, 533, 534, 536, 539, 542, 543, 544, 551, 552, 558, 560, 568, 569, 579, 582, 585, 589, 590, 595, 596, 597, 601, 607, 611, 612, 614, 617, 618, 621, 625, 628, 629, 637, 639, 641, 642, 645, 646, 648, 650, 651, 653, 654, 661, 663, 669, 680, 683, 685, 687, 688, 689, 690, 691, 693, 694, 695, 696, 697, 699, 700, 701, 702, 703, 704, 705, 706, 707, 708, 709, 710, 711, 712, 713, 714, 716, 717, 718, 719, 722, 723, 725, 726, 727, 730, 731, 732, 733, 735, 736, 737, 739, 741, 742, 743, 744, 746, 748, 750, 751, 752, 753, 755, 756, 757, 758, 760, 761, 763, 766, 767, 768, 769, 770, 771, 773, 774, 775, 776, 777, 778, 780, 781, 782, 783, 786, 787, 788, 789, 791, 792, 793, 794, 795, 798, 799, 800, 801, 804, 805, 806, 807, 808, 809, 810, 811, 812, 813, 815, 817, 823, 824, 825, 826, 827, 828, 834, 841, 842, 844, 847, 851, 852, 857, 866, 870, 871, 872, 873, 874, 880, 882, 883, 884, 892, 901, 902, 906, 911, 913, 915, 916, 917, 918, 923, 924, 926, 931, 935, 937, 938, 940, 947, 949, 951, 952, 953, 954, 956, 962, 964, 969, 977, 978, 979, 980, 981, 986, 988, 991, 993, 995, 997, 999] total_missing_nums: 431
Missing packets: [1, 2, 3, 4, 6, 7, 8, 9, 10, 11, 12, 13, 15, 17, 18, 19, 20, 21, 22, 24, 25, 26, 27, 30, 31, 32, 33, 34, 35, 36, 39, 41, 42, 43, 44, 45, 46, 47, 48, 49, 51, 68, 70, 80, 82, 101, 111, 114, 121, 122, 127, 130, 134, 135, 136, 137, 152, 158, 176, 178, 182, 192, 197, 199, 201, 202, 208, 209, 210, 212, 213, 214, 215, 216, 217, 219, 220, 221, 226, 227, 228, 230, 231, 232, 233, 234, 235, 238, 239, 240, 242, 245, 247, 248, 249, 251, 252, 255, 256, 257, 262, 263, 264, 266, 267, 270, 271, 275, 276, 278, 280, 281, 284, 285, 287, 288, 289, 290, 292, 293, 295, 296, 297, 298, 299, 300, 303, 304, 305, 307, 308, 309, 310, 311, 313, 314, 315, 316, 317, 320, 321, 323, 334, 335, 337, 338, 339, 341, 342, 343, 344, 345, 346, 347, 349, 350, 351, 352, 353, 354, 355, 356, 358, 359, 360, 363, 364, 365, 366, 367, 368, 369, 370, 371, 372, 373, 374, 375, 376, 377, 378, 379, 382, 383, 384, 385, 386, 387, 388, 389, 391, 392, 393, 394, 395, 396, 397, 398, 399, 400, 401, 404, 406, 407, 411, 413, 414, 415, 422, 430, 436, 456, 474, 478, 480, 481, 482, 483, 484, 485, 486, 487, 494, 497, 498, 499, 500, 503, 504, 505, 506, 509, 510, 511, 512, 513, 514, 517, 518, 522, 523, 524, 525, 527, 528, 532, 535, 538, 540, 541, 542, 543, 544, 547, 549, 552, 553, 554, 555, 556, 557, 558, 559, 560, 562, 564, 565, 566, 567, 568, 569, 570, 571, 572, 573, 574, 575, 576, 577, 578, 581, 582, 586, 587, 589, 590, 591, 593, 595, 597, 598, 599, 600, 601, 602, 603, 604, 605, 606, 607, 608, 610, 611, 613, 616, 617, 618, 619, 624, 633, 634, 648, 653, 659, 664, 680, 685, 693, 703, 711, 712, 714, 724, 729, 735, 751, 755, 767, 768, 770, 773, 777, 784, 789, 797, 802, 805, 810, 813, 814, 825, 831, 836, 840, 880, 882, 883, 901, 908, 910, 916, 918, 920, 929, 970, 971, 972, 986, 989, 991, 993, 994] total_missing_nums: 362
Missing packets: [1, 2, 3, 6, 9, 10, 11, 14, 17, 19, 20, 21, 24, 25, 32, 42, 47, 49, 54, 67, 70, 76, 79, 85, 89, 91, 92, 103, 149, 150, 153, 156, 159, 167, 191, 204, 209, 213, 215, 238, 240, 250, 251, 264, 266, 275, 288, 293, 295, 305, 318, 340, 341, 342, 346, 347, 350, 357, 359, 360, 364, 375, 376, 381, 384, 385, 386, 387, 389, 390, 409, 414, 421, 429, 466, 467, 478, 490, 493, 498, 499, 504, 520, 543, 563, 569, 580, 582, 583, 584, 586, 589, 613, 616, 624, 631, 632, 640, 641, 642, 643, 644, 645, 646, 647, 649, 650, 652, 653, 654, 655, 656, 657, 658, 659, 661, 662, 663, 665, 667, 668, 669, 670, 671, 673, 674, 675, 676, 677, 679, 680, 681, 682, 683, 684, 685, 686, 687, 690, 691, 694, 696, 699, 700, 701, 703, 705, 707, 708, 709, 711, 712, 713, 714, 715, 716, 717, 718, 720, 721, 722, 724, 725, 726, 727, 728, 730, 732, 733, 734, 735, 736, 737, 738, 741, 745, 747, 748, 749, 750, 751, 752, 753, 754, 757, 758, 759, 760, 761, 762, 763, 764, 765, 776, 780, 783, 786, 787, 798, 799, 800, 808, 809, 824, 836, 847, 867, 868, 871, 872, 877, 881, 884, 889, 899, 907, 913, 921, 940, 947, 957, 961, 963, 967, 969, 973, 974, 991, 992] total_missing_nums: 229
Missing packets: [0, 1, 2, 3, 4, 5, 6, 7, 8, 9, 10, 11, 12, 14, 15, 16, 17, 18, 19, 20, 21, 22, 23, 24, 25, 26, 28, 29, 30, 31, 32, 33, 34, 35, 36, 37, 38, 39, 40, 41, 43, 44, 45, 46, 47, 49, 50, 52, 53, 54, 55, 56, 57, 58, 59, 60, 61, 62, 64, 66, 67, 68, 69, 70, 72, 74, 76, 77, 78, 79, 80, 81, 82, 83, 84, 85, 86, 87, 88, 89, 90, 91, 92, 93, 94, 95, 96, 97, 98, 99, 100, 101, 102, 103, 104, 105, 106, 107, 108, 109, 110, 111, 112, 113, 114, 115, 116, 117, 118, 119, 120, 121, 122, 123, 124, 125, 126, 127, 128, 129, 130, 131, 132, 133, 134, 135, 136, 137, 138, 139, 140, 141, 143, 145, 148, 150, 151, 152, 153, 154, 155, 160, 162, 163, 168, 169, 170, 171, 172, 174, 176, 177, 178, 180, 181, 183, 185, 187, 188, 189, 190, 191, 192, 193, 195, 197, 198, 201, 202, 203, 204, 205, 206, 207, 209, 210, 213, 214, 215, 216, 218, 220, 223, 224, 226, 228, 229, 230, 231, 232, 235, 237, 238, 239, 240, 243, 247, 248, 249, 251, 252, 253, 254, 255, 257, 258, 259, 260, 261, 262, 263, 264, 265, 266, 268, 269, 270, 271, 273, 274, 275, 276, 277, 279, 280, 281, 284, 288, 290, 294, 295, 298, 302, 303, 305, 306, 307, 308, 309, 310, 311, 313, 314, 315, 316, 317, 319, 321, 322, 323, 325, 326, 330, 331, 332, 333, 336, 340, 341, 342, 344, 347, 349, 350, 353, 354, 355, 357, 358, 359, 361, 362, 364, 366, 367, 371, 372, 373, 374, 375, 376, 377, 378, 380, 382, 383, 384, 385, 386, 387, 388, 390, 391, 392, 393, 394, 395, 396, 397, 398, 399, 400, 401, 402, 403, 404, 405, 406, 407, 408, 409, 410, 411, 412, 413, 414, 415, 416, 417, 418, 419, 420, 421, 422, 423, 424, 425, 426, 427, 428, 429, 430, 431, 432, 433, 434, 435, 436, 437, 438, 439, 440, 441, 442, 443, 444, 445, 446, 447, 448, 449, 450, 451, 452, 453, 454, 455, 456, 457, 458, 459, 460, 461, 462, 463, 464, 465, 466, 467, 468, 469, 470, 471, 472, 473, 474, 475, 476, 477, 478, 479, 480, 481, 482, 483, 484, 485, 486, 487, 488, 489, 490, 491, 492, 493, 494, 495, 496, 497, 498, 499, 500, 501, 503, 504, 506, 507, 508, 509, 510, 511, 512, 513, 516, 518, 519, 520, 521, 523, 525, 526, 527, 528, 529, 530, 531, 532, 533, 534, 535, 538, 539, 542, 544, 545, 546, 547, 548, 549, 551, 552, 553, 554, 555, 556, 557, 558, 559, 560, 561, 562, 563, 564, 565, 566, 567, 568, 569, 570, 571, 572, 574, 575, 576, 577, 578, 579, 580, 581, 582, 583, 584, 585, 586, 587, 588, 589, 590, 591, 593, 598, 599, 600, 601, 602, 603, 604, 605, 606, 607, 608, 609, 610, 611, 612, 613, 614, 615, 616, 617, 619, 620, 621, 622, 623, 624, 625, 626, 627, 628, 629, 630, 631, 632, 633, 634, 635, 636, 637, 638, 639, 640, 641, 642, 643, 644, 645, 646, 648, 649, 650, 651, 652, 653, 654, 655, 656, 657, 658, 659, 660, 661, 662, 663, 664, 665, 666, 668, 671, 672, 673, 674, 675, 676, 677, 678, 679, 680, 681, 682, 683, 684, 685, 686, 688, 689, 690, 691, 692, 693, 694, 695, 696, 698, 700, 701, 702, 705, 706, 707, 708, 710, 711, 713, 714, 715, 716, 717, 718, 719, 720, 721, 722, 723, 724, 725, 726, 727, 728, 729, 730, 731, 732, 733, 734, 735, 736, 737, 738, 739, 740, 741, 742, 743, 744, 745, 746, 747, 748, 749, 750, 751, 752, 753, 754, 755, 756, 757, 758, 759, 760, 761, 762, 763, 764, 765, 766, 767, 768, 769, 770, 772, 773, 774, 775, 778, 781, 783, 785, 786, 787, 789, 790, 791, 792, 793, 795, 797, 798, 800, 802, 803, 804, 805, 806, 807, 808, 809, 811, 812, 813, 814, 816, 817, 818, 819, 821, 822, 826, 827, 828, 829, 831, 833, 834, 835, 839, 842, 844, 845, 847, 849, 851, 852, 853, 856, 863, 867, 868, 869, 871, 873, 877, 878, 879, 881, 882, 883, 884, 886, 889, 890, 892, 895, 896, 897, 900, 902, 903, 905, 906, 908, 911, 913, 914, 916, 919, 920, 921, 922, 924, 925, 928, 930, 931, 933, 934, 935, 936, 938, 939, 941, 945, 946, 949, 950, 953, 954, 956, 957, 958, 959, 960, 961, 963, 966, 967, 968, 969, 970, 971, 972, 973, 974, 975, 976, 977, 978, 979, 980, 981, 982, 983, 984, 985, 986, 987, 988, 989, 990, 991, 992, 993, 994, 995, 996, 997, 998, 999] total_missing_nums: 789
Missing packets: [3, 4, 5, 6, 7, 8, 9, 10, 11, 12, 13, 15, 16, 17, 22, 24, 25, 26, 28, 29, 30, 31, 32, 33, 34, 35, 36, 37, 38, 39, 40, 42, 43, 44, 45, 46, 47, 48, 49, 50, 51, 52, 53, 54, 55, 56, 57, 58, 59, 60, 61, 62, 63, 64, 65, 67, 70, 71, 72, 73, 75, 77, 78, 79, 80, 81, 82, 83, 84, 85, 86, 89, 90, 91, 92, 93, 94, 95, 96, 97, 98, 99, 100, 101, 103, 104, 105, 106, 107, 108, 109, 110, 111, 112, 114, 115, 116, 117, 119, 120, 121, 122, 124, 127, 131, 134, 137, 140, 142, 146, 151, 170, 176, 179, 181, 183, 184, 188, 189, 190, 191, 200, 205, 210, 214, 218, 219, 222, 224, 225, 229, 231, 236, 242, 245, 246, 250, 254, 257, 259, 260, 263, 265, 269, 272, 273, 277, 282, 285, 286, 288, 290, 291, 292, 294, 297, 302, 304, 312, 313, 315, 322, 323, 327, 328, 330, 331, 333, 335, 336, 339, 340, 342, 343, 345, 346, 348, 353, 355, 356, 358, 359, 361, 362, 364, 365, 368, 370, 371, 372, 374, 375, 376, 377, 379, 380, 381, 382, 385, 386, 387, 388, 389, 390, 391, 392, 393, 394, 395, 396, 397, 398, 399, 400, 401, 402, 403, 404, 405, 406, 407, 408, 409, 410, 411, 412, 413, 414, 415, 416, 417, 418, 419, 420, 421, 422, 423, 424, 425, 426, 427, 428, 429, 430, 431, 432, 433, 434, 435, 436, 437, 439, 440, 441, 442, 443, 444, 445, 446, 447, 448, 451, 452, 454, 456, 458, 459, 460, 463, 464, 466, 467, 470, 471, 473, 474, 475, 476, 477, 478, 479, 480, 481, 482, 483, 484, 485, 486, 487, 488, 489, 490, 491, 492, 493, 494, 495, 496, 497, 499, 501, 502, 503, 504, 505, 506, 507, 508, 509, 510, 511, 512, 513, 514, 515, 516, 517, 518, 519, 520, 521, 522, 523, 524, 525, 526, 527, 528, 529, 530, 531, 532, 533, 534, 535, 536, 538, 539, 540, 541, 542, 543, 544, 545, 547, 548, 549, 550, 551, 552, 553, 554, 556, 557, 558, 559, 560, 561, 562, 563, 564, 565, 566, 567, 568, 569, 570, 571, 572, 573, 574, 575, 576, 577, 578, 579, 580, 581, 582, 583, 584, 585, 586, 587, 588, 589, 590, 591, 592, 593, 594, 595, 596, 597, 598, 599, 600, 601, 602, 603, 604, 605, 606, 607, 608, 609, 610, 611, 612, 613, 614, 615, 616, 617, 618, 619, 620, 621, 622, 623, 624, 625, 626, 627, 628, 629, 630, 631, 632, 633, 634, 635, 636, 637, 638, 639, 640, 641, 642, 643, 644, 645, 646, 647, 648, 649, 650, 651, 652, 653, 654, 655, 656, 657, 658, 659, 660, 661, 662, 663, 664, 665, 666, 667, 668, 669, 670, 671, 672, 673, 674, 675, 676, 677, 678, 679, 680, 681, 682, 683, 684, 685, 686, 687, 688, 689, 690, 691, 692, 693, 694, 695, 696, 697, 698, 699, 700, 701, 702, 703, 704, 705, 706, 707, 708, 709, 710, 711, 712, 713, 714, 715, 716, 717, 718, 719, 720, 721, 722, 723, 724, 725, 726, 727, 728, 729, 730, 731, 732, 733, 734, 735, 736, 737, 738, 739, 740, 741, 742, 743, 744, 745, 746, 747, 749, 750, 751, 752, 753, 754, 755, 756, 757, 758, 759, 760, 761, 762, 763, 764, 765, 766, 767, 768, 769, 770, 771, 772, 776, 777, 778, 780, 781, 783, 784, 785, 787, 788, 790, 791, 792, 793, 794, 795, 796, 798, 799, 800, 801, 805, 807, 808, 809, 810, 812, 813, 814, 816, 817, 818, 819, 820, 821, 823, 824, 826, 827, 828, 829, 830, 831, 832, 835, 836, 837, 838, 840, 841, 843, 845, 846, 847, 848, 849, 851, 852, 854, 855, 857, 859, 860, 862, 863, 865, 866, 867, 870, 871, 872, 873, 874, 875, 877, 878, 879, 880, 881, 882, 883, 884, 885, 886, 889, 890, 892, 894, 897, 898, 899, 900, 902, 903, 905, 907, 910, 911, 912, 913, 915, 916, 917, 918, 919, 920, 921, 922, 924, 926, 927, 928, 929, 930, 931, 932, 933, 934, 935, 937, 938, 941, 942, 945, 946, 947, 949, 950, 953, 956, 957, 958, 959, 961, 966, 967, 968, 969, 970, 972, 973, 974, 975, 977, 978, 979, 980, 981, 982, 984, 986, 987, 988, 990, 991, 992, 994, 995, 996, 997, 998, 999] total_missing_nums: 730
Missing packets: [0, 1, 5, 6, 7, 8, 11, 12, 13, 16, 18, 20, 22, 23, 24, 25, 28, 29, 31, 32, 36, 38, 39, 40, 41, 42, 43, 44, 45, 46, 48, 49, 52, 55, 56, 57, 58, 59, 60, 70, 74, 81, 82, 86, 88, 89, 91, 93, 94, 96, 98, 101, 104, 105, 106, 108, 109, 110, 111, 115, 118, 119, 121, 131, 132, 133, 135, 136, 143, 146, 150, 156, 157, 159, 167, 172, 176, 177, 182, 185, 187, 188, 193, 198, 202, 205, 223, 239, 240, 241, 242, 244, 245, 246, 250, 251, 253, 254, 255, 256, 257, 258, 259, 263, 264, 266, 267, 268, 269, 270, 272, 273, 274, 275, 276, 278, 280, 281, 282, 283, 284, 285, 287, 288, 289, 290, 291, 292, 293, 294, 296, 297, 298, 299, 301, 304, 305, 306, 308, 309, 310, 311, 314, 318, 320, 321, 323, 325, 326, 327, 330, 331, 332, 334, 335, 337, 338, 339, 340, 341, 342, 344, 346, 348, 349, 350, 351, 352, 353, 354, 355, 356, 357, 358, 359, 360, 361, 362, 363, 364, 366, 367, 370, 371, 372, 373, 375, 378, 379, 384, 386, 392, 396, 398, 403, 404, 413, 414, 416, 418, 419, 420, 423, 425, 429, 430, 446, 447, 448, 452, 453, 456, 463, 471, 473, 474, 477, 479, 480, 481, 482, 483, 485, 487, 488, 490, 491, 492, 502, 505, 507, 510, 513, 518, 519, 523, 539, 547, 552, 553, 555, 557, 570, 577, 597, 612, 633, 635, 637, 638, 641, 642, 643, 647, 649, 657, 664, 667, 668, 677, 679, 683, 685, 686, 687, 688, 689, 691, 706, 710, 711, 714, 715, 717, 718, 721, 726, 734, 738, 739, 740, 742, 744, 750, 756, 760, 762, 763, 767, 769, 772, 777, 778, 779, 783, 786, 788, 795, 796, 797, 799, 805, 809, 812, 813, 814, 820, 823, 832, 836, 837, 843, 844, 846, 847, 848, 849, 853, 854, 855, 856, 857, 858, 860, 861, 862, 866, 867, 868, 871, 872, 873, 874, 875, 876, 877, 878, 879, 880, 881, 883, 885, 886, 887, 889, 890, 891, 893, 895, 896, 897, 898, 899, 901, 902, 903, 904, 905, 906, 907, 908, 909, 910, 911, 912, 913, 914, 915, 916, 917, 918, 919, 921, 922, 924, 925, 926, 927, 928, 929, 931, 932, 933, 934, 935, 936, 938, 939, 940, 941, 942, 943, 944, 945, 947, 948, 950, 951, 952, 953, 954, 955, 956, 959, 963, 964, 965, 966, 967, 968, 969, 971, 982, 986, 994, 999] total_missing_nums: 416
Missing packets: [0, 3, 7, 8, 11, 12, 13, 16, 18, 32, 33, 35, 36, 40, 42, 43, 44, 45, 46, 48, 49, 50, 52, 59, 64, 67, 71, 74, 79, 84, 88, 90, 97, 100, 104, 108, 110, 116, 117, 119, 121, 123, 127, 128, 129, 131, 136, 140, 144, 147, 150, 152, 153, 154, 155, 156, 157, 158, 160, 161, 162, 163, 164, 165, 166, 167, 168, 169, 172, 173, 174, 175, 176, 177, 181, 182, 183, 184, 185, 186, 187, 188, 189, 190, 191, 192, 198, 199, 200, 201, 202, 204, 206, 207, 210, 211, 212, 213, 214, 215, 216, 218, 220, 221, 223, 224, 225, 226, 227, 228, 229, 232, 233, 234, 235, 236, 238, 239, 241, 242, 243, 246, 250, 251, 252, 253, 254, 260, 263, 264, 265, 266, 267, 268, 270, 271, 273, 275, 276, 277, 278, 281, 282, 283, 284, 292, 296, 300, 301, 307, 309, 314, 317, 319, 325, 328, 332, 333, 334, 335, 337, 339, 340, 341, 344, 345, 349, 350, 351, 354, 361, 365, 369, 370, 371, 372, 373, 374, 378, 384, 393, 395, 396, 398, 400, 402, 404, 406, 410, 428, 429, 441, 445, 446, 451, 453, 458, 465, 468, 475, 476, 477, 480, 481, 484, 488, 490, 495, 497, 498, 499, 503, 505, 516, 523, 525, 535, 536, 540, 541, 544, 545, 546, 548, 551, 556, 558, 561, 576, 581, 584, 587, 589, 591, 596, 599, 609, 610, 611, 615, 620, 626, 630, 631, 633, 636, 639, 645, 647, 650, 652, 656, 662, 665, 667, 672, 679, 680, 682, 685, 686, 691, 695, 696, 699, 702, 705, 711, 712, 714, 716, 717, 720, 725, 733, 735, 736, 737, 739, 740, 741, 742, 744, 746, 749, 750, 751, 753, 754, 755, 756, 757, 758, 759, 761, 762, 763, 768, 769, 770, 771, 772, 773, 774, 778, 779, 782, 783, 784, 785, 793, 794, 797, 799, 800, 801, 802, 803, 804, 805, 807, 808, 809, 810, 813, 814, 815, 816, 817, 818, 819, 820, 821, 822, 823, 825, 827, 828, 829, 830, 831, 832, 833, 834, 837, 839, 840, 841, 842, 843, 844, 845, 846, 847, 848, 849, 850, 851, 854, 856, 857, 858, 859, 860, 861, 863, 864, 865, 868, 869, 870, 871, 873, 875, 881, 883, 886, 889, 890, 891, 893, 896, 900, 903, 906, 908, 911, 912, 913, 914, 920, 934, 941, 942, 944, 947, 962, 966, 967, 971, 974, 975, 979, 982, 991, 996] total_missing_nums: 406
