Missing packets: [0, 1, 6, 9, 10, 11, 12, 22, 23, 41, 42, 46, 50, 58, 405, 416, 417, 418, 433, 525, 620, 628] total_missing_nums: 22
Missing packets: [13, 35, 47, 50, 51, 52, 58, 61, 62, 64, 86, 87, 90, 92, 93, 107, 118, 127, 144, 152, 156, 168, 171, 173, 189, 214, 233, 236, 247, 254, 270, 282, 304, 310, 314, 409, 414, 415, 421, 425, 441, 452, 464, 579, 653, 672, 682, 687, 689, 691, 698, 702, 703, 704, 706, 707, 708, 709, 713, 716, 718, 719, 720, 721, 722, 723, 724, 725, 726, 727, 728, 729, 732, 733, 734, 735, 736, 737, 739, 740, 741, 742, 743, 744, 745, 747, 748, 750, 751, 752, 753, 755, 756, 758, 759, 760, 761, 762, 763, 764, 765, 766, 767, 768, 770, 771, 772, 773, 774, 775, 777, 778, 781, 797, 798, 801, 866, 879, 886, 897, 956, 993] total_missing_nums: 122
Missing packets: [2, 3, 4, 5, 6, 8, 11, 13, 14, 15, 17, 18, 19, 21, 22, 24, 26, 27, 28, 29, 30, 31, 33, 35, 36, 39, 40, 41, 44, 46, 55, 58, 59, 61, 62, 63, 65, 66, 67, 68, 73, 75, 76, 77, 78, 79, 81, 84, 86, 88, 89, 90, 91, 462, 662] total_missing_nums: 55
Missing packets: [2, 6, 10, 11, 13, 14, 15, 16, 19, 20, 23, 24, 25, 27, 28, 29, 30, 33, 36, 37, 41, 43, 44, 45, 49, 51, 52, 53, 54, 55, 56, 61, 65, 70, 75, 76, 77, 78, 79, 80, 81, 86, 87, 88, 89, 92, 93, 94, 96, 97, 98, 99, 100, 101, 102, 103, 104, 108, 109, 110, 111, 112, 114, 115, 116, 118, 119, 120, 123, 128, 138, 139, 141, 142, 157, 160, 161, 199, 204, 220, 221, 318, 420, 421, 422, 425, 427, 428, 434, 435, 436, 437, 438, 439, 440, 441, 442, 446, 447, 449, 450, 451, 453, 454, 455, 456, 457, 458, 460, 462, 463, 464, 465, 466, 467, 468, 469, 472, 473, 474, 475, 476, 477, 478, 479, 480, 481, 482, 483, 484, 485, 492, 506, 568, 576, 583, 595, 600, 603, 612, 635, 669, 705, 717, 859, 869, 877, 878, 880, 894, 912, 928, 931, 994, 995, 997] total_missing_nums: 156
Missing packets: [2, 12, 67, 144, 154, 243, 254, 256, 257, 259, 260, 387, 476, 514, 516, 545, 610, 660, 663, 664, 704, 705, 716, 728, 734, 961, 980, 981, 987, 995] total_missing_nums: 30
Missing packets: [1, 2, 8, 9, 11, 13, 14, 17, 51, 59, 64, 65, 66, 67, 68, 127, 129, 130, 139, 140, 141, 143, 147, 149, 151, 152, 153, 155, 160, 161, 180, 183, 201, 215, 236, 248, 250, 266, 270, 271, 274, 275, 276, 285, 290, 291, 296, 299, 301, 304, 306, 307, 308, 315, 316, 317, 318, 319, 322, 323, 325, 327, 328, 329, 332, 333, 335, 342, 344, 345, 347, 349, 350, 351, 352, 353, 354, 355, 356, 357, 358, 359, 360, 362, 363, 364, 365, 366, 367, 368, 369, 370, 371, 372, 373, 374, 375, 376, 377, 378, 380, 381, 382, 383, 384, 385, 386, 387, 388, 389, 390, 391, 392, 393, 394, 395, 396, 397, 398, 399, 400, 401, 402, 403, 404, 405, 406, 407, 408, 409, 410, 411, 412, 413, 414, 415, 416, 417, 418, 419, 420, 421, 422, 423, 424, 425, 426, 427, 428, 429, 430, 431, 432, 433, 434, 435, 436, 437, 438, 439, 440, 441, 442, 443, 444, 445, 447, 449, 451, 452, 453, 454, 455, 456, 457, 458, 459, 460, 461, 462, 463, 464, 465, 466, 467, 468, 471, 472, 475, 476, 477, 478, 479, 480, 482, 483, 484, 485, 489, 496, 506, 509, 522, 525, 531, 534, 544, 549, 557, 574, 580, 584, 586, 602, 604, 609, 612, 616, 621, 624, 629, 632, 633, 635, 636, 639, 641, 647, 652, 657, 659, 665, 667, 672, 676, 678, 680, 682, 685, 686, 690, 692, 693, 699, 701, 761, 762, 779, 783, 786, 797, 849, 853, 860, 861, 863, 864, 865, 866, 878, 886, 902, 909, 917, 920, 926, 927, 930, 932, 933, 935, 936, 937, 938, 939, 940, 941, 942, 943, 944, 945, 946, 947, 948, 949, 950, 951, 952, 953, 954, 955, 956, 957, 958, 959, 960, 961, 962, 970, 975, 976, 977, 982, 983, 984, 985, 986, 987, 989, 990, 991, 992, 993, 995, 996, 997, 998, 999] total_missing_nums: 318
Missing packets: [8, 14, 15, 16, 26, 32, 33, 35, 229, 230, 232, 233, 234, 235, 246, 248, 250, 251, 253, 255, 256, 257, 259, 262, 263, 267, 268, 269, 270, 271, 275, 276, 278, 279, 280, 281, 282, 283, 284, 285, 286, 288, 289, 290, 292, 294, 295, 299, 301, 302, 304, 305, 306, 308, 309, 310, 311, 313, 314, 316, 318, 319, 320, 321, 322, 323, 324, 325, 326, 327, 328, 329, 330, 332, 343, 345, 365, 373, 375, 377, 395, 562, 937] total_missing_nums: 83
Missing packets: [0, 1, 2, 3, 4, 5, 6, 7, 8, 9, 10, 11, 12, 14, 15, 16, 17, 18, 19, 20, 21, 22, 23, 24, 25, 26, 27, 28, 29, 30, 31, 32, 33, 35, 36, 37, 39, 40, 41, 42, 43, 44, 46, 47, 49, 51, 52, 53, 56, 57, 58, 59, 60, 61, 62, 63, 64, 66, 67, 70, 71, 73, 77, 98, 143, 155, 159, 162, 166, 170, 172, 173, 175, 179, 184, 186, 188, 189, 191, 193, 204, 206, 207, 211, 214, 215, 221, 222, 223, 238, 239, 241, 242, 243, 244, 247, 249, 250, 251, 252, 254, 256, 257, 258, 259, 261, 264, 265, 267, 268, 269, 271, 272, 273, 274, 275, 276, 277, 278, 285, 287, 288, 289, 290, 298, 299, 302, 303, 312, 317, 319, 321, 333, 334, 337, 401, 406, 588, 635, 636, 639, 641, 748, 914] total_missing_nums: 144
Missing packets: [28, 37, 43, 509] total_missing_nums: 4
Missing packets: [80, 86, 87, 88, 91, 92, 93, 94, 95, 96, 97, 99, 111, 125, 131, 137, 139, 140, 141, 214, 215, 217, 218, 225, 227, 228, 229, 230, 231, 232, 238, 240, 241, 243, 246, 258, 259, 261, 262, 263, 264, 265, 267, 268, 269, 270, 271, 273, 275, 277, 278, 279, 280, 281, 283, 284, 285, 287, 289, 291, 294, 295, 296, 516, 897] total_missing_nums: 65
Missing packets: [4, 6, 27, 47, 59, 86, 103, 125, 127, 136, 142, 143, 144, 145, 146, 148, 151, 152, 153, 154, 155, 156, 157, 158, 159, 160, 161, 163, 165, 167, 168, 169, 170, 172, 173, 175, 176, 177, 178, 179, 180, 181, 182, 183, 184, 185, 186, 187, 188, 189, 190, 191, 192, 194, 196, 197, 198, 200, 201, 202, 204, 205, 206, 207, 208, 209, 210, 211, 212, 213, 214, 217, 219, 220, 221, 222, 223, 224, 675] total_missing_nums: 79
Missing packets: [14, 18, 144, 153, 162, 194, 209, 211, 212, 241, 243, 244, 257, 262, 268, 301, 387, 391, 519, 539, 540, 558, 608, 623, 822, 823, 945] total_missing_nums: 27
Missing packets: [1, 2, 3, 4, 5, 10, 12, 13, 14, 15, 19, 21, 22, 23, 24, 25, 27, 28, 29, 30, 31, 32, 33, 36, 43, 49, 55, 64, 65, 66, 67, 70, 72, 73, 78, 92, 94, 99, 100, 108, 116, 117, 119, 120, 121, 122, 124, 125, 126, 127, 133, 134, 139, 153, 260, 265, 271, 272, 276, 278, 280, 284, 286, 289, 296, 298, 301, 307, 315, 329, 336, 340, 347, 350, 353, 354, 355, 358, 362, 367, 370, 372, 380, 383, 448, 520, 567, 568, 573, 609, 620, 628, 637, 653, 654, 655, 656, 658, 659, 660, 663, 664, 669, 670, 677, 678, 679, 680, 682, 683, 684, 685, 686, 687, 688, 689, 690, 694, 695, 697, 699, 700, 701, 702, 703, 704, 705, 706, 707, 708, 709, 710, 711, 712, 713, 714, 715, 716, 717, 718, 719, 720, 721, 722, 723, 724, 726, 727, 728, 729, 730, 731, 732, 734, 735, 736, 737, 738, 739, 741, 744, 745, 746, 747, 749, 752, 757, 760, 761, 769, 771, 785] total_missing_nums: 172
Missing packets: [4, 34, 36, 43, 44, 50, 54, 55, 57, 59, 91, 101, 106, 107, 109, 110, 111, 117, 129, 133, 176, 178, 180, 181, 182, 183, 184, 185, 188, 191, 192, 193, 195, 196, 197, 198, 200, 201, 202, 205, 212, 213, 214, 217, 219, 223, 224, 225, 226, 228, 229, 230, 232, 233, 237, 239, 241, 248, 249, 252, 254, 256, 257, 258, 259, 260, 261, 264, 266, 270, 271, 272, 274, 276, 277, 278, 279, 291, 304, 307, 309, 314, 374, 404, 455, 477, 555, 563, 623, 631, 637, 663, 698, 714, 798, 803, 845, 847, 851, 855, 869, 873, 874, 875, 876, 877, 881, 882, 887, 893, 899, 913, 916, 918, 936, 938, 950, 955, 956, 962, 964, 965, 967, 968, 975, 980, 989, 992, 997, 998] total_missing_nums: 130
Missing packets: [0, 2, 5, 10, 16, 20, 22, 27, 33, 34, 59, 62, 68, 69, 71, 77, 78, 84, 86, 93, 170, 257, 389, 405, 634, 636, 744, 747, 753, 757, 760, 763, 775, 776, 782, 842, 907, 915] total_missing_nums: 38
Missing packets: [3, 6, 7, 8, 9, 13, 31, 34, 35, 40, 46, 48, 49, 59, 60, 61, 62, 64, 66, 70, 78, 79, 88, 89, 90, 91, 95, 97, 102, 105, 108, 111, 114, 119, 124, 128, 133, 134, 137, 155, 162, 166, 176, 177, 182, 183, 184, 185, 186, 187, 188, 189, 191, 192, 194, 196, 198, 199, 200, 201, 202, 204, 205, 206, 207, 208, 209, 210, 211, 212, 213, 214, 216, 217, 218, 219, 220, 221, 222, 223, 225, 227, 228, 229, 230, 233, 234, 235, 236, 237, 238, 240, 242, 243, 244, 245, 246, 247, 248, 249, 250, 251, 252, 254, 255, 256, 257, 258, 259, 260, 261, 263, 264, 266, 267, 268, 269, 270, 271, 273, 274, 277, 281, 293, 304, 305, 308, 311, 312, 317, 320, 335, 339, 341, 344, 348, 370, 371, 376, 378, 428, 601, 615, 666, 806, 818, 848, 957] total_missing_nums: 148
Missing packets: [0, 1, 2, 3, 4, 5, 6, 7, 8, 9, 10, 11, 12, 13, 14, 15, 16, 17, 18, 19, 20, 21, 22, 23, 24, 25, 26, 27, 28, 29, 30, 31, 32, 33, 34, 35, 36, 47, 53, 58, 59, 65, 67, 68, 69, 70, 77, 78, 92, 95, 97, 100, 694, 859, 868, 881, 891, 893, 894, 901] total_missing_nums: 60
